[app/ui]
version = 8.1.0
modtime = 1603718785.580939000

[app/launcher]
version = 8.1.0
modtime = 1603718785.581836000
